name: JJvir
channels:
  - bioconda
  - defaults
dependencies:
  - _libgcc_mutex=0.1=main
  - _openmp_mutex=5.1=1_gnu
  - a5-miseq=20160825=hdfd78af_2
  - blast=2.12.0=pl5262h3289130_0
  - boost=1.73.0=py310h06a4308_12
  - bzip2=1.0.8=h7b6447c_0
  - c-ares=1.18.1=h7f8727e_0
  - ca-certificates=2022.07.19=h06a4308_0
  - certifi=2022.6.15=py310h06a4308_0
  - curl=7.84.0=h5eee18b_0
  - dbus=1.13.18=hb2f20db_0
  - entrez-direct=16.2=he881be0_1
  - expat=2.4.4=h295c915_0
  - freetype=2.11.0=h70c0345_0
  - glib=2.69.1=h4ff587b_1
  - gnu-wget=1.18=2
  - icu=58.2=he6710b0_3
  - kaiju=1.6.2=hd28b015_1
  - krb5=1.19.2=hac12032_0
  - krona=2.8.1=pl5262hdfd78af_0
  - ld_impl_linux-64=2.38=h1181459_1
  - libboost=1.73.0=h28710b8_12
  - libcurl=7.84.0=h91b91d3_0
  - libedit=3.1.20210910=h7f8727e_0
  - libev=4.33=h7f8727e_1
  - libffi=3.3=he6710b0_2
  - libgcc=7.2.0=h69d50b8_2
  - libgcc-ng=11.2.0=h1234567_1
  - libgomp=11.2.0=h1234567_1
  - libidn2=2.3.2=h7f8727e_0
  - libnghttp2=1.46.0=hce63b2e_0
  - libpng=1.6.37=hbc83047_0
  - libssh2=1.10.0=h8f2d780_0
  - libstdcxx-ng=11.2.0=h1234567_1
  - libunistring=0.9.10=h27cfd23_0
  - libuuid=1.0.3=h7f8727e_2
  - libxcb=1.15=h7f8727e_0
  - lz4-c=1.9.3=h295c915_1
  - ncurses=6.3=h5eee18b_3
  - openjdk=11.0.13=h87a67e3_0
  - openssl=1.1.1q=h7f8727e_0
  - pcre=8.45=h295c915_0
  - perl=5.26.2=h14c3975_0
  - perl-archive-tar=2.32=pl526_0
  - perl-carp=1.38=pl526_3
  - perl-common-sense=3.74=pl526_2
  - perl-compress-raw-bzip2=2.087=pl526he1b5a44_0
  - perl-compress-raw-zlib=2.087=pl526hc9558a2_0
  - perl-exporter=5.72=pl526_1
  - perl-exporter-tiny=1.002001=pl526_0
  - perl-extutils-makemaker=7.36=pl526_1
  - perl-io-compress=2.087=pl526he1b5a44_0
  - perl-io-zlib=1.10=pl526_2
  - perl-json=4.02=pl526_0
  - perl-json-xs=2.34=pl526h6bb024c_3
  - perl-list-moreutils=0.428=pl526_1
  - perl-list-moreutils-xs=0.428=pl526_0
  - perl-pathtools=3.75=pl526h14c3975_1
  - perl-scalar-list-utils=1.52=pl526h516909a_0
  - perl-types-serialiser=1.0=pl526_2
  - perl-xsloader=0.24=pl526_0
  - pip=22.1.2=py310h06a4308_0
  - py-boost=1.73.0=py310h00e6091_12
  - python=3.10.4=h12debd9_0
  - readline=8.1.2=h7f8727e_1
  - setuptools=61.2.0=py310h06a4308_0
  - sqlite=3.39.2=h5082296_0
  - tk=8.6.12=h1ccaba5_0
  - tzdata=2022a=hda174b7_0
  - wget=1.21.3=h0b77cf5_0
  - wheel=0.37.1=pyhd3eb1b0_0
  - xz=5.2.5=h7f8727e_1
  - zlib=1.2.12=h7f8727e_2
  - zstd=1.5.2=ha4553b6_0
  - pip:
    - cycler==0.11.0
    - fonttools==4.34.4
    - kiwisolver==1.4.4
    - matplotlib==3.5.3
    - numpy==1.23.1
    - packaging==21.3
    - pandas==1.4.3
    - pillow==9.2.0
    - pyparsing==3.0.9
    - python-dateutil==2.8.2
    - pytz==2022.1
    - scipy==1.9.0
    - six==1.16.0
prefix: /home/jjma/miniconda3/envs/JJvir
